    0                                             
                  290  333            661  709           1000
0   +---------------+--+----------------+--+---------------+
    |111111111111111|11|0000000000000000|11|111111111111111|
    |111111111111111|11|0000000000000000|11|111111111111111|
    |111111111111111|11|0000000000000000|11|111111111111111|
    |111111111111111|11|00000    0000000|11|111111111111111|
    |111111111111111|11|0000 (1) 0000000|11|111111111111111|
    |111111111111111|11|00000    0000000|11|111111111111111|
    |111111111111111|11|0000000000000000|11|111111111111111|
    |111111111111111|11|0000000000000000|11|111111111111111|
    |111111111111111|11|0000000000000000|11|111111111111111|
    |111111111111111|11|0000000000000000|11|111111111111111|
197 +---------------+--+----------------+--+---------------+
    |111111111111111|11|2222222222222222|11|111111111111111|
    |111111111111111|11|2222222222222222|11|111111111111111|
240 +---------------+--+----------------+--+---------------+
    |000000000000000|22|0000000000000000|22|000000000000000|
    |000000000000000|22|0000000000000000|22|000000000000000|
    |000000000000000|22|0000000000000000|22|000000000000000|
    |000000000000000|22|0000000000000000|22|000000000000000|
    |000000000000000|22|0000000000000000|22|0000    0000000|
    |000000   000000|22|0000000000000000|22|0000 (4)  00000|
    |00000 (2) 00000|22|0000000000000000|22|0000     000000|
    |00000     00000|22|0000000000000000|22|000000000000000|
    |000000000000000|22|0000000000000000|22|000000000000000|
    |000000000000000|22|0000000000000000|22|000000000000000|
    |000000000000000|22|0000000000000000|22|000000000000000|
    |000000000000000|22|0000000000000000|22|000000000000000|
480 +---------------+--+----------------+--+---------------+
    |111111111111111|11|2222222222222222|11|111111111111111|
    |111111111111111|11|2222222222222222|11|111111111111111|
523 +---------------+--+----------------+--+---------------+
    |111111111111111|11|0000000000000000|11|111111111111111|
    |111111111111111|11|0000000000000000|11|111111111111111|
    |111111111111111|11|0000000000000000|11|111111111111111|
    |111111111111111|11|0000000000000000|11|111111111111111|
    |111111111111111|11|000000    000000|11|111111111111111|
    |111111111111111|11|00000 (3) 000000|11|111111111111111|
    |111111111111111|11|00000     000000|11|111111111111111|
    |111111111111111|11|0000000000000000|11|111111111111111|
    |111111111111111|11|0000000000000000|11|111111111111111|
    |111111111111111|11|0000000000000000|11|111111111111111|
720 +---------------+--+----------------+--+---------------+



(1), (2), (3), (4): regions for spawning vehicles